  1.621147545339331E-006
  1.507199376053101E-006
  1.387179281965680E-006
  1.262392523071087E-006
  1.134513394418319E-006
  1.005277202704305E-006
  8.769689663840240E-007
  7.518042789668288E-007
  6.321635636164622E-007
  5.203138418789510E-007
  4.182577882791812E-007
  3.275848592982883E-007
  2.493128450010819E-007
  1.838517905958437E-007
  1.309558119256335E-007
  2.362405094218103E-006
  2.183221819610909E-006
  1.995829902931013E-006
  1.802537805585330E-006
  1.606194456625098E-006
  1.409710715159162E-006
  1.216756831713858E-006
  1.030806696379311E-006
  8.554505916373430E-007
  6.939436328153603E-007
  5.489889070203386E-007
  4.225132439388986E-007
  3.154735019226140E-007
  2.278805407580770E-007
  1.587516754412515E-007
  3.565363291206181E-006
  3.311860618459146E-006
  3.045528822931343E-006
  2.768702110616747E-006
  2.485087917621906E-006
  2.199128617434970E-006
  1.915302455547352E-006
  1.639067352197402E-006
  1.375479469858756E-006
  1.129590724658061E-006
  9.057909607655580E-007
  7.075181705927316E-007
  5.369565068022472E-007
  3.948295070582210E-007
  2.805655109141415E-007
  1.918948351587695E-007
  3.967919587427368E-006
  3.671711315491288E-006
  3.362538540642811E-006
  3.043377598507642E-006
  2.718746703288987E-006
  2.393884870658505E-006
  2.073966540079179E-006
  1.765099412381001E-006
  1.472792588890669E-006
  1.202384716493086E-006
  9.583251405318767E-007
  7.439257101931694E-007
  5.610647608428790E-007
  4.100371818146588E-007
  2.895529637372834E-007
  1.962596172838684E-007
  4.616868667303097E-006
  4.314441006453039E-006
  3.993369227730305E-006
  3.657345033593210E-006
  3.309591777671677E-006
  2.955063346574642E-006
  2.599584094236186E-006
  2.248974741208586E-006
  1.910177606513968E-006
  1.589506038589588E-006
  1.293099873924355E-006
  1.026082494101358E-006
  7.922374147019168E-007
  5.936403624207618E-007
  4.304697291625686E-007
  3.012702080859240E-007
  2.030079848118966E-007
  7.427195322544573E-006
  6.902248020429644E-006
  6.348568857849706E-006
  5.773329563447925E-006
  5.182810167269677E-006
  4.586194660749218E-006
  3.993927779645332E-006
  3.416265703250217E-006
  2.864961618256881E-006
  2.350330443963486E-006
  1.881920208013094E-006
  1.467093158088771E-006
  1.110635378608464E-006
  8.142104623199447E-007
  5.762921707766875E-007
  3.929161921964133E-007
  2.576313288254407E-007
  8.548768415397183E-006
  7.920891126229089E-006
  7.261425341166643E-006
  6.579422802213886E-006
  5.882752924813731E-006
  5.182644673603396E-006
  4.491611476925292E-006
  3.821775047033343E-006
  3.186711637965680E-006
  2.598066443496818E-006
  2.066314893394455E-006
  1.599137733263215E-006
  1.201113851645576E-006
  8.731501858080784E-007
  6.125674561873254E-007
  4.137479795695334E-007
  2.680611740769004E-007
  1.560226021156503E-005
  1.451163408348370E-005
  1.336237233800533E-005
  1.216323838174933E-005
  1.093241566844560E-005
  9.685707988753389E-006
  8.444789108622103E-006
  7.233076212657145E-006
  6.072893114315256E-006
  4.988133232435244E-006
  3.998319883233266E-006
  3.119930207716409E-006
  2.363429508375159E-006
  1.733184687476023E-006
  1.226764325963746E-006
  8.354656837547235E-007
  5.473524799592031E-007
  3.470405248898054E-007
  1.954093754716070E-005
  1.810814635185466E-005
  1.660529228297069E-005
  1.504504613885451E-005
  1.345248592156666E-005
  1.184922438703732E-005
  1.026419510636013E-005
  8.727963731764778E-006
  7.269205511155752E-006
  5.917612848858393E-006
  4.696601344388130E-006
  3.624900164097745E-006
  2.712939017187424E-006
  1.963183661301032E-006
  1.369506677380200E-006
  9.183307949342028E-007
  5.930867477912902E-007
  3.697245018216740E-007
  2.678929496726886E-005
  2.468007322921419E-005
  2.248392444782482E-005
  2.022195442175271E-005
  1.793354045829618E-005
  1.565205195989600E-005
  1.342067292085137E-005
  1.128343518827244E-005
  9.280432781780149E-006
  7.450971336196325E-006
  5.824056931857017E-006
  4.420475279619625E-006
  3.248235708000401E-006
  2.304111177984120E-006
  1.573370630219590E-006
  1.032807957824363E-006
  6.552704403520938E-007
  3.940753183720565E-007
  1.380576132660718E-007
  1.334677523709548E-007
  1.263750770901454E-007
  1.169967967627244E-007
  2.119410587914675E-007
  2.065179280209388E-007
  1.971096380090767E-007
  1.840584942706902E-007
  1.678695525302761E-007
  3.049910797930060E-007
  2.943947723375396E-007
  2.781373667185941E-007
  2.569378851517717E-007
  2.314966219034554E-007
  3.426189760210774E-007
  3.281291692001144E-007
  3.076028501092384E-007
  2.818504394919001E-007
  2.518136765473165E-007
  3.841991983768733E-007
  3.755779239473575E-007
  3.597479608176441E-007
  3.369899302924693E-007
  3.083690246917033E-007
  2.752434985255684E-007
  6.371075832798643E-007
  6.154504404676145E-007
  5.818837835838713E-007
  5.374039028089283E-007
  4.843482485525888E-007
  4.252861458940637E-007
  7.569317187354722E-007
  7.413623581292038E-007
  7.116597628646591E-007
  6.684280114045159E-007
  6.131309755346599E-007
  5.485281517734878E-007
  4.779092714113623E-007
  1.335667368419152E-006
  1.292931028250534E-006
  1.224974523257097E-006
  1.133996256390602E-006
  1.023705860977349E-006
  9.007771221640064E-007
  7.708041331524026E-007
  1.700530397244780E-006
  1.633209325376695E-006
  1.534262365902964E-006
  1.407431392910108E-006
  1.258321437400759E-006
  1.096130746756489E-006
  9.262104775597337E-007
  2.456770730074152E-006
  2.381484341113660E-006
  2.259094406072556E-006
  2.094232225182484E-006
  1.894197584981888E-006
  1.668829723821089E-006
  1.430384199596918E-006
  1.183935194845102E-006
  3.576025630701576E-005
  3.245072708286249E-005
  2.865154530445961E-005
  2.456258694568136E-005
  2.038904822688883E-005
  1.635308821451640E-005
  6.689354800744767E-005
  6.044793435917993E-005
  5.312668534924739E-005
  4.531831637277631E-005
  3.741501462153607E-005
  2.983349789846938E-005
  1.035071960502913E-004
  9.333357657472825E-005
  8.183682489639017E-005
  6.963013068907355E-005
  5.732639789487957E-005
  4.557163498371370E-005
  1.137059499069958E-004
  1.024673272183433E-004
  8.978536293033816E-005
  7.633733497468369E-005
  6.279836239561104E-005
  4.987837797818754E-005
  1.050074457465593E-005
  9.609565290716081E-006
  8.560348120581147E-006
  7.404527531923809E-006
  6.203149777596345E-006
  5.022675816126922E-006
  3.917054835330227E-006
  2.933570550902904E-006
  4.697212748684937E-005
  4.266800989193591E-005
  3.770633521419690E-005
  3.233424097942130E-005
  2.683762279666758E-005
  2.151546384616971E-005
  1.660356642130292E-005
  1.227590978249301E-005
  1.147344832509906E-004
  1.038558652494612E-004
  9.142999993224804E-005
  7.808109621358594E-005
  6.451827889787536E-005
  5.147843568379050E-005
  3.951976124807753E-005
  2.901707593737916E-005
  1.423919528719888E-004
  1.287909909983369E-004
  1.132860280886560E-004
  9.665741312177829E-005
  7.978799596339039E-005
  6.359435689386768E-005
  4.876351324946411E-005
  3.574673136810726E-005
  1.373424786015490E-006
  1.225707767143134E-006
  1.062400223928258E-006
  8.922079225041725E-007
  7.235570361601741E-007
  5.656396141270284E-007
  4.252211978214151E-007
  3.016196398361392E-007
  2.052984487912147E-007
  8.274835962531917E-006
  7.484469088199644E-006
  6.580453916941856E-006
  5.613096955357047E-006
  4.630051757791404E-006
  3.686055080289300E-006
  2.823728342537278E-006
  2.065078142708953E-006
  1.401364141194300E-006
  7.272084722006137E-005
  6.544795810590159E-005
  5.723115350071670E-005
  4.852320368672423E-005
  3.977641655116801E-005
  3.143764842324670E-005
  2.390405054599830E-005
  1.733931687356629E-005
  1.156139683329488E-005
  1.171688890680151E-004
  1.053173603498292E-004
  9.197004317905053E-005
  7.786220526771542E-005
  6.372450440517758E-005
  5.027959356660029E-005
  3.816134137944317E-005
  2.760197258180648E-005
  1.840818599348132E-005
  4.671686109366022E-006
  4.213151099406395E-006
  3.692544475534085E-006
  3.137199276488302E-006
  2.578474949523865E-006
  2.043348395952224E-006
  1.556409220506932E-006
  1.134380034925052E-006
  7.517034910866593E-007
  5.903282521340463E-007
  6.399651831731033E-006
  5.768731756514875E-006
  5.053216435335908E-006
  4.290797277560842E-006
  3.524416476490940E-006
  2.791189863008832E-006
  2.124280100021055E-006
  1.547141238701844E-006
  1.023455333736272E-006
  8.076772546254353E-007
  3.603890153316488E-005
  3.261800150359386E-005
  2.869857370246662E-005
  2.448608698488468E-005
  2.021789443000204E-005
  1.610001095440067E-005
  1.233432762710169E-005
  9.045253072729350E-006
  6.066571376771741E-006
  4.612337660779262E-006
  1.036396561453201E-004
  9.360397423401024E-005
  8.216753956358758E-005
  6.993180950164045E-005
  5.758518934713516E-005
  4.572621151239615E-005
  3.491104963004648E-005
  2.551075946627357E-005
  1.698509321914652E-005
  1.316555800125360E-005
  4.624236456175760E-006
  4.209902886154225E-006
  3.728222341588106E-006
  3.204180062182957E-006
  2.665177966124912E-006
  2.139542212670550E-006
  1.654079781652853E-006
  1.226161520263540E-006
  8.454031077561348E-007
  6.034637487096094E-007
  4.581222517452986E-007
  6.529681607085375E-006
  5.945753855324751E-006
  5.266571142078153E-006
  4.527394436698111E-006
  3.766668596305510E-006
  3.024686013473114E-006
  2.338931395449142E-006
  1.734504010105947E-006
  1.197245620966963E-006
  8.524715353073820E-007
  6.487248019262001E-007
  1.186151825709774E-005
  1.081707405975181E-005
  9.597662570754465E-006
  8.266204997279680E-006
  6.890027701230118E-006
  5.545767055299258E-006
  4.296942914027794E-006
  3.195512107633250E-006
  2.223981805695366E-006
  1.555592758520328E-006
  1.203928005054428E-006
  6.557861260923056E-005
  5.975776516858276E-005
  5.297431479997219E-005
  4.558071341424572E-005
  3.795587510980871E-005
  3.051277866639245E-005
  2.361720394160195E-005
  1.753868729894814E-005
  1.215572939980534E-005
  8.578064167922039E-006
  6.583925168355989E-006
  2.711123848484332E-002
  2.131228483384447E-002
  1.620179797431883E-002
  1.185214415410805E-002
  8.291956926767496E-003
  5.504487560363586E-003
  3.432623800064562E-003
  1.983046439782659E-003
  2.848871995448121E-002
  2.244718816814063E-002
  1.710434443861015E-002
  1.254013300054864E-002
  8.790545117067802E-003
  5.844782864763092E-003
  3.647084998096500E-003
  2.102455620836856E-003
  1.096311997901687E-003
  5.150998027678645E-004
  2.408604085895287E-002
  1.883272707886232E-002
  1.422374149798449E-002
  1.031833249322501E-002
  7.142819742284196E-003
  4.676500480668571E-003
  2.860605222903417E-003
  1.608862096540157E-003
  8.093112099994040E-004
  3.667817986195234E-004
  2.688554332070833E-004
  3.070675239366698E-002
  2.414759508998019E-002
  1.835538467735850E-002
  1.341537389863569E-002
  9.367396593308994E-003
  6.195925022983580E-003
  3.837058384552092E-003
  2.188196855193233E-003
  1.126838888430691E-003
  5.143979558834752E-004
  3.647376365627203E-004
 -7.477409171643065E-005
  3.783511187498755E-002
  3.003405257788348E-002
  2.307923284778407E-002
  1.707669003327802E-002
  1.209982760523298E-002
  8.142165153286000E-003
  5.147285669064748E-003
  3.019623538443558E-003
  1.600160892988760E-003
  7.488710529398487E-004
  4.081465437481655E-004
  1.107526800758027E-004
 -2.669284494531531E-004
