  1.085841553845622E-006
  1.009486849082438E-006
  9.290713425260272E-007
  8.454700099929600E-007
  7.598045582419333E-007
  6.732372908689405E-007
  5.872982206506888E-007
  5.034704786764770E-007
  4.233472444702490E-007
  3.484454346472494E-007
  2.801050912623493E-007
  2.193890725985890E-007
  1.669765521805278E-007
  1.231428600560000E-007
  8.772313127782989E-008
  1.582335573104527E-006
  1.462280373546927E-006
  1.336734765488442E-006
  1.207245778319310E-006
  1.075721965312019E-006
  9.441130098019673E-007
  8.148765917892555E-007
  6.903383103189957E-007
  5.729013328777778E-007
  4.647439162620757E-007
  3.676748059269496E-007
  2.829823852199664E-007
  2.113044292507017E-007
  1.526489300837677E-007
  1.063575296733646E-007
  2.388245499513555E-006
  2.218387132802158E-006
  2.039943293706891E-006
  1.854478679308904E-006
  1.664477759772605E-006
  1.472916848467262E-006
  1.282795809669871E-006
  1.097769944341355E-006
  9.212245901485095E-007
  7.565417904374323E-007
  6.066594308716506E-007
  4.738778979967220E-007
  3.596577132300665E-007
  2.644798267371759E-007
  1.879611253818170E-007
  1.285799840488597E-007
  2.659818733497398E-006
  2.461064389293416E-006
  2.253647417044126E-006
  2.039567706044748E-006
  1.821858376459813E-006
  1.604033517387941E-006
  1.389562106922201E-006
  1.182535741302295E-006
  9.866422204224802E-007
  8.054532366107723E-007
  6.419425217962649E-007
  4.983216701994297E-007
  3.758420495188130E-007
  2.746896265723140E-007
  1.939937152090172E-007
  1.315097280029739E-007
  3.092519825348768E-006
  2.889891730088977E-006
  2.674782693588092E-006
  2.449667252279146E-006
  2.216705440826183E-006
  1.979216478479426E-006
  1.741102036268097E-006
  1.506260849752137E-006
  1.279341887531049E-006
  1.064572129671906E-006
  8.660618707242959E-007
  6.872399571768649E-007
  5.306381255495583E-007
  3.976438370329189E-007
  2.883725851564428E-007
  2.018503093345951E-007
  1.360448279254246E-007
  4.975328713501163E-006
  4.623611988828838E-006
  4.252657573902819E-006
  3.867271729490851E-006
  3.471662602267790E-006
  3.071984027338854E-006
  2.675233467379091E-006
  2.288281406842978E-006
  1.918999470528842E-006
  1.574295109772079E-006
  1.260561165834453E-006
  9.827253133095971E-007
  7.439897739032901E-007
  5.454652807684714E-007
  3.861243325956222E-007
  2.633108667658828E-007
  1.727018408571535E-007
  5.729662494791139E-006
  5.308598952658242E-006
  4.866392250010589E-006
  4.409117297374357E-006
  3.942053729596321E-006
  3.472732890427421E-006
  3.009543660508225E-006
  2.560610074870829E-006
  2.135026430539113E-006
  1.740590300392909E-006
  1.384312626372358E-006
  1.071329130817883E-006
  8.046975146206183E-007
  5.850157749499539E-007
  4.104740169389215E-007
  2.772996987718382E-007
  1.797118545914961E-007
  1.045545968838327E-005
  9.724450776760117E-006
  8.954164381735731E-006
  8.150475923808177E-006
  7.325575616765181E-006
  6.490058319305990E-006
  5.658452637196497E-006
  4.846453157118546E-006
  4.069019502251203E-006
  3.342160063333972E-006
  2.678953003815132E-006
  2.090432307711646E-006
  1.583601344413390E-006
  1.161376861347017E-006
  8.221206358220947E-007
  5.599911254502626E-007
  3.669874603969026E-007
  2.327914257453898E-007
  1.310206210854818E-005
  1.214098125132117E-005
  1.113296166436361E-005
  1.008650807356437E-005
  9.018448990895032E-006
  7.943286256888138E-006
  6.880429166535895E-006
  5.850375522508885E-006
  4.872350380064818E-006
  3.966253952108747E-006
  3.147773091062529E-006
  2.429446908584432E-006
  1.818246132988334E-006
  1.315802656359933E-006
  9.179894881830082E-007
  6.156830029322579E-007
  3.977631888092797E-007
  2.480854663675071E-007
  1.798763491345201E-005
  1.657012518581176E-005
  1.509436731525223E-005
  1.357456420754939E-005
  1.203720016202787E-005
  1.050471115490260E-005
  9.006118381440972E-006
  7.570993660215166E-006
  6.226250316153178E-006
  4.998251417727994E-006
  3.906429553220554E-006
  2.964684360887509E-006
  2.178328285843193E-006
  1.545134014149419E-006
  1.055162444847078E-006
  6.927845752436540E-007
  4.396929277810029E-007
  2.645389124814242E-007
  9.246688483558012E-008
  8.938676754198430E-008
  8.463275064708969E-008
  7.834951364065771E-008
  1.419592343673216E-007
  1.383186064684804E-007
  1.320099513151404E-007
  1.232644160753151E-007
  1.124194180656026E-007
  2.042937268782375E-007
  1.971857279145773E-007
  1.862871574936537E-007
  1.720816131282674E-007
  1.550372954307042E-007
  2.296740693574204E-007
  2.199253263570650E-007
  2.061347452906781E-007
  1.888502872611274E-007
  1.687070819281154E-007
  2.573468863316440E-007
  2.515609216394198E-007
  2.409478041357869E-007
  2.256960098211278E-007
  2.065212593966997E-007
  1.843324324165766E-007
  4.267810988232972E-007
  4.122582571110419E-007
  3.897597605956849E-007
  3.599532857567693E-007
  3.244071032229697E-007
  2.848414819272605E-007
  5.073890116785358E-007
  4.969010006260498E-007
  4.769445708951558E-007
  4.479278990461003E-007
  4.108319501986617E-007
  3.675111769975660E-007
  3.201757985722137E-007
  8.950842996927369E-007
  8.664078070847102E-007
  8.208330382277077E-007
  7.598363654855410E-007
  6.859049663641926E-007
  6.035154562289890E-007
  5.164110274958064E-007
  1.140266130006290E-006
  1.095036615790793E-006
  1.028609311382846E-006
  9.435000910363646E-007
  8.434689706758641E-007
  7.346893434958393E-007
  6.207440844288119E-007
  1.650109043344773E-006
  1.599281260096425E-006
  1.516830295436266E-006
  1.405887354341276E-006
  1.271374380707090E-006
  1.119901159701435E-006
  9.596851067932587E-007
  7.941901137053547E-007
  2.926549517546755E-005
  2.655719513560271E-005
  2.344818450342238E-005
  2.010206605528525E-005
  1.668674672341986E-005
  1.338403846397462E-005
  5.474325009458532E-005
  4.946871589383345E-005
  4.347761259096326E-005
  3.708793914764318E-005
  3.062060581414681E-005
  2.441663868542359E-005
  8.470616851659091E-005
  7.638100051004579E-005
  6.697306188848584E-005
  5.698424437451286E-005
  4.691605907897366E-005
  3.729716997221545E-005
  9.305250722080816E-005
  8.385583084027012E-005
  7.347801047912217E-005
  6.247339430330596E-005
  5.139440162425962E-005
  4.082200880672752E-005
  8.596365345596319E-006
  7.866821098572769E-006
  7.007916512458374E-006
  6.061759893844203E-006
  5.078313279666433E-006
  4.111996146913594E-006
  3.206964257817964E-006
  2.401920952611413E-006
  3.844993496917729E-005
  3.492685866298624E-005
  3.086559226038407E-005
  2.646842123910205E-005
  2.196934349192751E-005
  1.761312998176296E-005
  1.359275872347783E-005
  1.005063077062247E-005
  9.391983821426783E-005
  8.501514983636986E-005
  7.484406798394243E-005
  6.391751512093438E-005
  5.281593216494690E-005
  4.214258149515087E-005
  3.235428984183075E-005
  2.375784794763403E-005
  1.165608995320396E-004
  1.054277363216976E-004
  9.273616986448520E-005
  7.912492904622181E-005
  6.531666883244681E-005
  5.206176002516673E-005
  3.992246256256586E-005
  2.926814014618152E-005
  1.126782445598762E-006
  1.005604865208291E-006
  8.716364035358781E-007
  7.320203352628411E-007
  5.936687534710524E-007
  4.641225036933135E-007
  3.489310199135265E-007
  2.475366314848834E-007
  1.685213223649110E-007
  6.780014955765025E-006
  6.132427319874916E-006
  5.391739870455098E-006
  4.599167515781464E-006
  3.793754137502548E-006
  3.020349483104781E-006
  2.313868654094672E-006
  1.692337783676782E-006
  1.148607714226135E-006
  5.958300784497650E-005
  5.362421769002507E-005
  4.689215749688383E-005
  3.975779204416031E-005
  3.259169425952959E-005
  2.575999552249009E-005
  1.958805115588757E-005
  1.420992854100475E-005
  9.476639582070210E-006
  9.600748527162206E-005
  8.629668012514764E-005
  7.536041837707036E-005
  6.380117674181082E-005
  5.221761280078632E-005
  4.120187355561328E-005
  3.127326647432603E-005
  2.262197428544887E-005
  1.508998093596220E-005
  3.838514967501832E-006
  3.461745894628581E-006
  3.033988418803394E-006
  2.577697408623870E-006
  2.118643757592489E-006
  1.678989745199088E-006
  1.278937573900028E-006
  9.322250640648216E-007
  6.178561335039137E-007
  4.853284744175211E-007
  5.259266374280209E-006
  4.740760116268949E-006
  4.152750087110452E-006
  3.526207015310246E-006
  2.896426886396629E-006
  2.293906131950820E-006
  1.745896796252836E-006
  1.271668948261810E-006
  8.413828914316408E-007
  6.641400359954222E-007
  2.959260848139075E-005
  2.678353695686635E-005
  2.356521460855172E-005
  2.010631642669767E-005
  1.660176652721176E-005
  1.322072638438973E-005
  1.012892820533063E-005
  7.428541737302425E-006
  4.983017132333988E-006
  3.789526829899210E-006
  8.513007998797830E-005
  7.688646207191510E-005
  6.749255848071473E-005
  5.744231834607968E-005
  4.730128907262840E-005
  3.756105792996459E-005
  2.867838458303519E-005
  2.095804593161313E-005
  1.395621098054213E-005
  1.082053319952790E-005
  3.820568797133304E-006
  3.478210335112651E-006
  3.080228845603090E-006
  2.647257292223454E-006
  2.201947748431391E-006
  1.767692339654161E-006
  1.366649586153671E-006
  1.013148433623037E-006
  6.985848743798937E-007
  4.988670477753167E-007
  3.787238611873592E-007
  5.394403507901953E-006
  4.911952761314739E-006
  4.350835663549888E-006
  3.740168667888822E-006
  3.111729993325909E-006
  2.498790438650260E-006
  1.932332945938231E-006
  1.433060333216920E-006
  9.892416603493267E-007
  7.046552917852786E-007
  5.362474522966279E-007
  9.793371618328916E-006
  8.930944543323427E-006
  7.924104659152774E-006
  6.824782319460465E-006
  5.688593645615240E-006
  4.578781226409374E-006
  3.547822379032189E-006
  2.638558252674433E-006
  1.836477916135056E-006
  1.285070098774225E-006
  9.945759098532181E-007
  5.415712286925588E-005
  4.934960310182748E-005
  4.374739581163098E-005
  3.764144113266918E-005
  3.134482968520792E-005
  2.519843757377099E-005
  1.950451655735250E-005
  1.448533272815826E-005
  1.004020000706516E-005
  7.088037052308678E-006
  5.440396618007354E-006
  2.712011526096355E-002
  2.132027556722722E-002
  1.620897203822017E-002
  1.185856223552259E-002
  8.297689127458213E-003
  5.509592413461970E-003
  3.437153726731527E-003
  1.987039083538317E-003
  2.849857846150806E-002
  2.245611719252130E-002
  1.711241040413823E-002
  1.254740967897227E-002
  8.797089719976909E-003
  5.850663872752943E-003
  3.652354207101462E-003
  2.107145353978148E-003
  1.100448829202757E-003
  5.186930778346589E-004
  2.409503721390557E-002
  1.884089025698803E-002
  1.423114776208099E-002
  1.032503414606064E-002
  7.148873176843568E-003
  4.681958053303518E-003
  2.865510829189527E-003
  1.613243317126772E-003
  8.131869116064141E-004
  3.701556742782966E-004
  2.717218575150116E-004
  3.071828394991310E-002
  2.415809869445519E-002
  1.836493017132143E-002
  1.342404558334298E-002
  9.375253121663655E-003
  6.203037522742663E-003
  3.843476194622115E-003
  2.193955185628594E-003
  1.131959375685298E-003
  5.188807875548807E-004
  3.685829546729457E-004
 -7.159070736692129E-005
  3.784903984200379E-002
  3.004679946079047E-002
  2.309082105037625E-002
  1.708725030614537E-002
  1.210941209492725E-002
  8.150861114590483E-003
  5.155154714094932E-003
  3.026710868212533E-003
  1.606493100866380E-003
  7.544556582167472E-004
  4.129890004669782E-004
  1.148232289371286E-004
 -2.635713990898074E-004
